Spectrum sequence number 3
Saved at time: 1074165 milliseconds
Integration time: 500000
Scans to average: 10
Boxcar smoothing: 0
Wavelengths	Intensities
336.52618408	1507.00000000
336.98196843	1519.00000000
337.43778931	1486.00000000
337.89364673	1504.00000000
338.34954070	1508.00000000
338.80547121	1507.00000000
339.26143827	1520.00000000
339.71744189	1533.00000000
340.17348206	1460.00000000
340.62955880	1529.00000000
341.08567210	1521.00000000
341.54182197	1523.00000000
341.99800842	1514.00000000
342.45423144	1491.00000000
342.91049105	1492.00000000
343.36678724	1512.00000000
343.82312002	1498.00000000
344.27948940	1514.00000000
344.73589537	1515.00000000
345.19233794	1494.00000000
345.64881712	1513.00000000
346.10533290	1523.00000000
346.56188530	1513.00000000
347.01847432	1488.00000000
347.47509995	1518.00000000
347.93176221	1516.00000000
348.38846110	1518.00000000
348.84519662	1518.00000000
349.30196878	1522.00000000
349.75877758	1525.00000000
350.21562302	1522.00000000
350.67250511	1503.00000000
351.12942385	1505.00000000
351.58637924	1469.00000000
352.04337130	1523.00000000
352.50040002	1505.00000000
352.95746540	1501.00000000
353.41456746	1507.00000000
353.87170619	1512.00000000
354.32888160	1511.00000000
354.78609370	1521.00000000
355.24334248	1510.00000000
355.70062795	1517.00000000
356.15795012	1504.00000000
356.61530898	1514.00000000
357.07270455	1512.00000000
357.53013682	1501.00000000
357.98760580	1503.00000000
358.44511150	1526.00000000
358.90265391	1491.00000000
359.36023305	1515.00000000
359.81784891	1499.00000000
360.27550150	1491.00000000
360.73319082	1508.00000000
361.19091688	1519.00000000
361.64867969	1516.00000000
362.10647923	1513.00000000
362.56431553	1524.00000000
363.02218858	1517.00000000
363.48009839	1528.00000000
363.93804495	1515.00000000
364.39602828	1503.00000000
364.85404838	1504.00000000
365.31210525	1522.00000000
365.77019890	1518.00000000
366.22832933	1516.00000000
366.68649654	1512.00000000
367.14470054	1508.00000000
367.60294133	1522.00000000
368.06121892	1501.00000000
368.51953331	1522.00000000
368.97788450	1498.00000000
369.43627249	1526.00000000
369.89469730	1501.00000000
370.35315893	1497.00000000
370.81165737	1512.00000000
371.27019263	1497.00000000
371.72876473	1520.00000000
372.18737365	1505.00000000
372.64601941	1504.00000000
373.10470200	1518.00000000
373.56342144	1500.00000000
374.02217772	1506.00000000
374.48097086	1495.00000000
374.93980085	1508.00000000
375.39866769	1439.00000000
375.85757140	1508.00000000
376.31651197	1487.00000000
376.77548942	1486.00000000
377.23450373	1517.00000000
377.69355493	1521.00000000
378.15264300	1514.00000000
378.61176796	1520.00000000
379.07092981	1504.00000000
379.53012855	1487.00000000
379.98936419	1506.00000000
380.44863673	1521.00000000
380.90794617	1510.00000000
381.36729253	1514.00000000
381.82667579	1507.00000000
382.28609597	1509.00000000
382.74555307	1503.00000000
383.20504710	1520.00000000
383.66457805	1516.00000000
384.12414594	1513.00000000
384.58375076	1521.00000000
385.04339252	1520.00000000
385.50307122	1525.00000000
385.96278687	1509.00000000
386.42253947	1518.00000000
386.88232903	1518.00000000
387.34215555	1516.00000000
387.80201903	1516.00000000
388.26191947	1519.00000000
388.72185689	1516.00000000
389.18183128	1520.00000000
389.64184265	1507.00000000
390.10189100	1510.00000000
390.56197634	1506.00000000
391.02209867	1519.00000000
391.48225799	1498.00000000
391.94245431	1503.00000000
392.40268763	1514.00000000
392.86295796	1498.00000000
393.32326530	1475.00000000
393.78360965	1501.00000000
394.24399102	1513.00000000
394.70440941	1525.00000000
395.16486482	1510.00000000
395.62535727	1524.00000000
396.08588674	1501.00000000
396.54645326	1510.00000000
397.00705681	1512.00000000
397.46769741	1498.00000000
397.92837506	1514.00000000
398.38908976	1490.00000000
398.84984151	1515.00000000
399.31063033	1511.00000000
399.77145621	1518.00000000
400.23231916	1513.00000000
400.69321918	1504.00000000
401.15415627	1511.00000000
401.61513045	1522.00000000
402.07614171	1532.00000000
402.53719006	1528.00000000
402.99827549	1534.00000000
403.45939803	1529.00000000
403.92055766	1521.00000000
404.38175439	1532.00000000
404.84298824	1526.00000000
405.30425919	1530.00000000
405.76556726	1531.00000000
406.22691244	1538.00000000
406.68829475	1505.00000000
407.14971418	1528.00000000
407.61117075	1506.00000000
408.07266445	1518.00000000
408.53419529	1510.00000000
408.99576326	1529.00000000
409.45736839	1496.00000000
409.91901066	1513.00000000
410.38069009	1502.00000000
410.84240668	1508.00000000
411.30416042	1516.00000000
411.76595133	1527.00000000
412.22777942	1508.00000000
412.68964467	1517.00000000
413.15154710	1516.00000000
413.61348671	1522.00000000
414.07546351	1485.00000000
414.53747749	1526.00000000
414.99952867	1530.00000000
415.46161704	1524.00000000
415.92374262	1527.00000000
416.38590540	1514.00000000
416.84810538	1515.00000000
417.31034258	1529.00000000
417.77261699	1534.00000000
418.23492863	1534.00000000
418.69727748	1517.00000000
419.15966357	1518.00000000
419.62208688	1521.00000000
420.08454743	1511.00000000
420.54704523	1507.00000000
421.00958026	1519.00000000
421.47215254	1479.00000000
421.93476207	1520.00000000
422.39740886	1534.00000000
422.86009290	1518.00000000
423.32281421	1531.00000000
423.78557278	1520.00000000
424.24836862	1497.00000000
424.71120174	1514.00000000
425.17407214	1517.00000000
425.63697981	1533.00000000
426.09992478	1506.00000000
426.56290703	1524.00000000
427.02592658	1519.00000000
427.48898342	1524.00000000
427.95207757	1522.00000000
428.41520902	1540.00000000
428.87837778	1520.00000000
429.34158385	1521.00000000
429.80482724	1522.00000000
430.26810795	1518.00000000
430.73142599	1530.00000000
431.19478135	1526.00000000
431.65817405	1531.00000000
432.12160408	1533.00000000
432.58507146	1554.00000000
433.04857617	1567.00000000
433.51211824	1538.00000000
433.97569766	1578.00000000
434.43931443	1593.00000000
434.90296857	1588.00000000
435.36666006	1567.00000000
435.83038893	1582.00000000
436.29415516	1592.00000000
436.75795877	1577.00000000
437.22179977	1589.00000000
437.68567814	1561.00000000
438.14959390	1562.00000000
438.61354705	1548.00000000
439.07753760	1547.00000000
439.54156554	1534.00000000
440.00563089	1534.00000000
440.46973364	1530.00000000
440.93387381	1521.00000000
441.39805139	1534.00000000
441.86226638	1544.00000000
442.32651880	1544.00000000
442.79080865	1431.00000000
443.25513592	1542.00000000
443.71950063	1535.00000000
444.18390277	1504.00000000
444.64834236	1546.00000000
445.11281939	1544.00000000
445.57733388	1535.00000000
446.04188581	1551.00000000
446.50647520	1539.00000000
446.97110205	1542.00000000
447.43576637	1542.00000000
447.90046816	1531.00000000
448.36520742	1547.00000000
448.82998415	1534.00000000
449.29479837	1545.00000000
449.75965007	1533.00000000
450.22453926	1546.00000000
450.68946594	1535.00000000
451.15443011	1548.00000000
451.61943179	1535.00000000
452.08447097	1542.00000000
452.54954765	1546.00000000
453.01466185	1529.00000000
453.47981357	1545.00000000
453.94500280	1527.00000000
454.41022956	1545.00000000
454.87549384	1543.00000000
455.34079565	1548.00000000
455.80613500	1548.00000000
456.27151189	1541.00000000
456.73692632	1539.00000000
457.20237830	1545.00000000
457.66786782	1515.00000000
458.13339491	1527.00000000
458.59895955	1523.00000000
459.06456175	1546.00000000
459.53020152	1543.00000000
459.99587885	1530.00000000
460.46159377	1519.00000000
460.92734625	1523.00000000
461.39313632	1536.00000000
461.85896398	1538.00000000
462.32482923	1482.00000000
462.79073206	1535.00000000
463.25667250	1542.00000000
463.72265054	1533.00000000
464.18866618	1528.00000000
464.65471943	1548.00000000
465.12081029	1533.00000000
465.58693877	1519.00000000
466.05310487	1542.00000000
466.51930859	1545.00000000
466.98554995	1541.00000000
467.45182893	1510.00000000
467.91814555	1536.00000000
468.38449981	1520.00000000
468.85089172	1542.00000000
469.31732127	1523.00000000
469.78378847	1543.00000000
470.25029333	1546.00000000
470.71683585	1537.00000000
471.18341603	1541.00000000
471.65003388	1548.00000000
472.11668940	1542.00000000
472.58338259	1538.00000000
473.05011346	1522.00000000
473.51688202	1529.00000000
473.98368826	1522.00000000
474.45053219	1537.00000000
474.91741382	1536.00000000
475.38433315	1545.00000000
475.85129017	1546.00000000
476.31828491	1529.00000000
476.78531735	1534.00000000
477.25238751	1540.00000000
477.71949538	1538.00000000
478.18664098	1539.00000000
478.65382430	1532.00000000
479.12104535	1550.00000000
479.58830414	1532.00000000
480.05560066	1532.00000000
480.52293492	1542.00000000
480.99030693	1537.00000000
481.45771668	1551.00000000
481.92516419	1555.00000000
482.39264946	1554.00000000
482.86017248	1558.00000000
483.32773327	1554.00000000
483.79533183	1568.00000000
484.26296816	1550.00000000
484.73064227	1560.00000000
485.19835416	1553.00000000
485.66610383	1563.00000000
486.13389129	1563.00000000
486.60171654	1562.00000000
487.06957958	1549.00000000
487.53748043	1569.00000000
488.00541908	1565.00000000
488.47339553	1559.00000000
488.94140980	1561.00000000
489.40946188	1573.00000000
489.87755178	1559.00000000
490.34567950	1557.00000000
490.81384505	1551.00000000
491.28204843	1554.00000000
491.75028965	1545.00000000
492.21856870	1556.00000000
492.68688560	1557.00000000
493.15524034	1564.00000000
493.62363293	1554.00000000
494.09206337	1546.00000000
494.56053168	1546.00000000
495.02903784	1554.00000000
495.49758187	1564.00000000
495.96616377	1557.00000000
496.43478354	1557.00000000
496.90344119	1532.00000000
497.37213672	1555.00000000
497.84087014	1547.00000000
498.30964144	1552.00000000
498.77845064	1553.00000000
499.24729773	1555.00000000
499.71618273	1552.00000000
500.18510563	1536.00000000
500.65406644	1542.00000000
501.12306516	1548.00000000
501.59210179	1535.00000000
502.06117635	1559.00000000
502.53028883	1529.00000000
502.99943924	1547.00000000
503.46862757	1542.00000000
503.93785385	1530.00000000
504.40711806	1549.00000000
504.87642022	1552.00000000
505.34576033	1531.00000000
505.81513838	1512.00000000
506.28455439	1554.00000000
506.75400836	1563.00000000
507.22350029	1554.00000000
507.69303019	1539.00000000
508.16259806	1554.00000000
508.63220391	1558.00000000
509.10184773	1564.00000000
509.57152954	1553.00000000
510.04124933	1552.00000000
510.51100711	1542.00000000
510.98080288	1543.00000000
511.45063666	1554.00000000
511.92050843	1549.00000000
512.39041821	1532.00000000
512.86036600	1560.00000000
513.33035180	1551.00000000
513.80037562	1559.00000000
514.27043747	1554.00000000
514.74053733	1554.00000000
515.21067523	1532.00000000
515.68085116	1555.00000000
516.15106512	1543.00000000
516.62131713	1556.00000000
517.09160718	1552.00000000
517.56193528	1561.00000000
518.03230143	1534.00000000
518.50270563	1552.00000000
518.97314790	1547.00000000
519.44362823	1545.00000000
519.91414663	1548.00000000
520.38470310	1560.00000000
520.85529765	1559.00000000
521.32593027	1547.00000000
521.79660098	1517.00000000
522.26730978	1544.00000000
522.73805666	1548.00000000
523.20884165	1555.00000000
523.67966473	1558.00000000
524.15052591	1553.00000000
524.62142520	1506.00000000
525.09236261	1554.00000000
525.56333812	1551.00000000
526.03435176	1545.00000000
526.50540351	1551.00000000
526.97649340	1539.00000000
527.44762141	1549.00000000
527.91878756	1540.00000000
528.38999184	1545.00000000
528.86123427	1543.00000000
529.33251484	1548.00000000
529.80383357	1521.00000000
530.27519044	1542.00000000
530.74658547	1551.00000000
531.21801867	1533.00000000
531.68949003	1560.00000000
532.16099956	1528.00000000
532.63254726	1544.00000000
533.10413314	1550.00000000
533.57575719	1552.00000000
534.04741944	1561.00000000
534.51911987	1553.00000000
534.99085849	1511.00000000
535.46263531	1557.00000000
535.93445033	1568.00000000
536.40630356	1566.00000000
536.87819499	1574.00000000
537.35012463	1590.00000000
537.82209249	1589.00000000
538.29409857	1629.00000000
538.76614288	1569.00000000
539.23822541	1631.00000000
539.71034617	1694.00000000
540.18250517	1708.00000000
540.65470240	1731.00000000
541.12693788	1734.00000000
541.59921160	1768.00000000
542.07152358	1781.00000000
542.54387381	1815.00000000
543.01626230	1852.00000000
543.48868905	1920.00000000
543.96115407	1927.00000000
544.43365736	1955.00000000
544.90619892	1937.00000000
545.37877876	1922.00000000
545.85139688	1949.00000000
546.32405329	1879.00000000
546.79674799	1896.00000000
547.26948098	1891.00000000
547.74225226	1873.00000000
548.21506185	1812.00000000
548.68790975	1731.00000000
549.16079595	1652.00000000
549.63372047	1649.00000000
550.10668330	1640.00000000
550.57968445	1634.00000000
551.05272393	1614.00000000
551.52580174	1591.00000000
551.99891788	1602.00000000
552.47207235	1595.00000000
552.94526517	1562.00000000
553.41849633	1553.00000000
553.89176584	1570.00000000
554.36507370	1559.00000000
554.83841991	1555.00000000
555.31180449	1560.00000000
555.78522743	1544.00000000
556.25868873	1541.00000000
556.73218841	1542.00000000
557.20572646	1554.00000000
557.67930290	1543.00000000
558.15291771	1547.00000000
558.62657091	1527.00000000
559.10026251	1537.00000000
559.57399249	1546.00000000
560.04776088	1545.00000000
560.52156767	1534.00000000
560.99541286	1536.00000000
561.46929647	1520.00000000
561.94321848	1540.00000000
562.41717892	1516.00000000
562.89117778	1537.00000000
563.36521506	1537.00000000
563.83929078	1538.00000000
564.31340493	1525.00000000
564.78755751	1529.00000000
565.26174854	1546.00000000
565.73597801	1528.00000000
566.21024593	1527.00000000
566.68455230	1516.00000000
567.15889713	1534.00000000
567.63328042	1535.00000000
568.10770218	1529.00000000
568.58216241	1542.00000000
569.05666110	1536.00000000
569.53119828	1524.00000000
570.00577393	1525.00000000
570.48038807	1534.00000000
570.95504069	1530.00000000
571.42973181	1523.00000000
571.90446143	1531.00000000
572.37922954	1533.00000000
572.85403616	1539.00000000
573.32888128	1517.00000000
573.80376492	1555.00000000
574.27868707	1531.00000000
574.75364774	1565.00000000
575.22864693	1563.00000000
575.70368465	1544.00000000
576.17876090	1586.00000000
576.65387569	1607.00000000
577.12902901	1600.00000000
577.60422088	1607.00000000
578.07945129	1549.00000000
578.55472026	1619.00000000
579.03002777	1600.00000000
579.50537385	1589.00000000
579.98075849	1595.00000000
580.45618169	1585.00000000
580.93164346	1591.00000000
581.40714381	1566.00000000
581.88268273	1587.00000000
582.35826024	1586.00000000
582.83387633	1564.00000000
583.30953101	1576.00000000
583.78522428	1588.00000000
584.26095616	1593.00000000
584.73672663	1592.00000000
585.21253570	1580.00000000
585.68838339	1591.00000000
586.16426968	1589.00000000
586.64019460	1587.00000000
587.11615813	1576.00000000
587.59216029	1580.00000000
588.06820108	1585.00000000
588.54428049	1579.00000000
589.02039855	1561.00000000
589.49655524	1563.00000000
589.97275058	1562.00000000
590.44898456	1577.00000000
590.92525720	1556.00000000
591.40156849	1578.00000000
591.87791844	1560.00000000
592.35430706	1550.00000000
592.83073434	1549.00000000
593.30720029	1575.00000000
593.78370492	1577.00000000
594.26024822	1578.00000000
594.73683021	1571.00000000
595.21345088	1565.00000000
595.69011025	1552.00000000
596.16680831	1555.00000000
596.64354506	1560.00000000
597.12032052	1533.00000000
597.59713469	1548.00000000
598.07398756	1556.00000000
598.55087915	1542.00000000
599.02780946	1540.00000000
599.50477848	1542.00000000
599.98178624	1537.00000000
600.45883272	1559.00000000
600.93591793	1544.00000000
601.41304189	1557.00000000
601.89020458	1545.00000000
602.36740602	1522.00000000
602.84464620	1547.00000000
603.32192514	1548.00000000
603.79924284	1549.00000000
604.27659929	1546.00000000
604.75399452	1560.00000000
605.23142850	1552.00000000
605.70890126	1553.00000000
606.18641280	1567.00000000
606.66396312	1580.00000000
607.14155222	1583.00000000
607.61918010	1615.00000000
608.09684678	1635.00000000
608.57455226	1671.00000000
609.05229653	1703.00000000
609.53007961	1734.00000000
610.00790149	1736.00000000
610.48576219	1762.00000000
610.96366170	1786.00000000
611.44160003	1767.00000000
611.91957718	1779.00000000
612.39759315	1774.00000000
612.87564796	1751.00000000
613.35374160	1743.00000000
613.83187409	1710.00000000
614.31004541	1673.00000000
614.78825558	1656.00000000
615.26650459	1643.00000000
615.74479247	1607.00000000
616.22311920	1585.00000000
616.70148479	1561.00000000
617.17988924	1587.00000000
617.65833257	1589.00000000
618.13681477	1527.00000000
618.61533585	1572.00000000
619.09389580	1572.00000000
619.57249465	1562.00000000
620.05113238	1567.00000000
620.52980900	1552.00000000
621.00852452	1577.00000000
621.48727894	1572.00000000
621.96607227	1574.00000000
622.44490450	1568.00000000
622.92377564	1557.00000000
623.40268570	1576.00000000
623.88163469	1580.00000000
624.36062259	1533.00000000
624.83964942	1565.00000000
625.31871519	1562.00000000
625.79781989	1555.00000000
626.27696353	1568.00000000
626.75614611	1562.00000000
627.23536764	1553.00000000
627.71462812	1582.00000000
628.19392755	1574.00000000
628.67326595	1576.00000000
629.15264330	1563.00000000
629.63205963	1551.00000000
630.11151492	1564.00000000
630.59100919	1562.00000000
631.07054243	1552.00000000
631.55011466	1529.00000000
632.02972588	1555.00000000
632.50937608	1554.00000000
632.98906528	1529.00000000
633.46879347	1540.00000000
633.94856067	1528.00000000
634.42836687	1522.00000000
634.90821209	1526.00000000
635.38809631	1533.00000000
635.86801955	1530.00000000
636.34798182	1540.00000000
636.82798311	1519.00000000
637.30802342	1517.00000000
637.78810277	1531.00000000
638.26822116	1522.00000000
638.74837859	1518.00000000
639.22857506	1533.00000000
639.70881058	1534.00000000
640.18908515	1536.00000000
640.66939878	1531.00000000
641.14975147	1529.00000000
641.63014322	1516.00000000
642.11057404	1524.00000000
642.59104393	1520.00000000
643.07155290	1536.00000000
643.55210094	1515.00000000
644.03268807	1525.00000000
644.51331429	1520.00000000
644.99397960	1535.00000000
645.47468400	1524.00000000
645.95542750	1522.00000000
646.43621011	1528.00000000
646.91703182	1515.00000000
647.39789264	1512.00000000
647.87879257	1543.00000000
648.35973163	1505.00000000
648.84070980	1538.00000000
649.32172711	1518.00000000
649.80278354	1531.00000000
650.28387910	1512.00000000
650.76501381	1536.00000000
651.24618765	1526.00000000
651.72740065	1538.00000000
652.20865279	1526.00000000
652.68994408	1542.00000000
653.17127453	1530.00000000
653.65264414	1526.00000000
654.13405292	1537.00000000
654.61550087	1528.00000000
655.09698799	1485.00000000
655.57851428	1522.00000000
656.06007976	1523.00000000
656.54168442	1522.00000000
657.02332827	1524.00000000
657.50501131	1539.00000000
657.98673355	1528.00000000
658.46849498	1518.00000000
658.95029562	1513.00000000
659.43213547	1533.00000000
659.91401453	1469.00000000
660.39593281	1516.00000000
660.87789031	1518.00000000
661.35988702	1537.00000000
661.84192297	1520.00000000
662.32399815	1542.00000000
662.80611256	1533.00000000
663.28826621	1517.00000000
663.77045911	1516.00000000
664.25269125	1524.00000000
664.73496264	1533.00000000
665.21727328	1530.00000000
665.69962319	1528.00000000
666.18201235	1525.00000000
666.66444079	1477.00000000
667.14690849	1519.00000000
667.62941547	1519.00000000
668.11196172	1528.00000000
668.59454726	1514.00000000
669.07717208	1525.00000000
669.55983619	1495.00000000
670.04253959	1515.00000000
670.52528230	1521.00000000
671.00806430	1527.00000000
671.49088561	1533.00000000
671.97374623	1507.00000000
672.45664615	1524.00000000
672.93958540	1520.00000000
673.42256397	1528.00000000
673.90558186	1527.00000000
674.38863908	1527.00000000
674.87173563	1517.00000000
675.35487152	1530.00000000
675.83804675	1514.00000000
676.32126132	1509.00000000
676.80451524	1528.00000000
677.28780852	1496.00000000
677.77114114	1533.00000000
678.25451313	1518.00000000
678.73792448	1503.00000000
679.22137520	1532.00000000
679.70486529	1495.00000000
680.18839475	1515.00000000
680.67196360	1512.00000000
681.15557182	1524.00000000
681.63921944	1518.00000000
682.12290644	1528.00000000
682.60663284	1527.00000000
683.09039864	1517.00000000
683.57420383	1504.00000000
684.05804844	1522.00000000
684.54193245	1513.00000000
685.02585588	1510.00000000
685.50981873	1521.00000000
685.99382100	1528.00000000
686.47786269	1502.00000000
686.96194382	1528.00000000
687.44606438	1536.00000000
687.93022437	1523.00000000
688.41442381	1522.00000000
688.89866269	1521.00000000
689.38294102	1504.00000000
689.86725880	1525.00000000
690.35161604	1510.00000000
690.83601274	1519.00000000
691.32044891	1518.00000000
691.80492454	1528.00000000
692.28943965	1488.00000000
692.77399423	1511.00000000
693.25858829	1531.00000000
693.74322184	1530.00000000
694.22789487	1525.00000000
694.71260740	1529.00000000
695.19735942	1507.00000000
695.68215094	1507.00000000
696.16698197	1526.00000000
696.65185250	1523.00000000
697.13676254	1489.00000000
697.62171210	1522.00000000
698.10670118	1502.00000000
698.59172978	1514.00000000
699.07679791	1531.00000000
699.56190556	1511.00000000
700.04705276	1514.00000000
700.53223949	1525.00000000
701.01746576	1520.00000000
701.50273158	1530.00000000
701.98803695	1513.00000000
702.47338188	1522.00000000
702.95876636	1513.00000000
703.44419040	1511.00000000
703.92965401	1494.00000000
704.41515719	1531.00000000
704.90069994	1521.00000000
705.38628227	1537.00000000
705.87190418	1535.00000000
706.35756568	1533.00000000
706.84326677	1507.00000000
707.32900745	1525.00000000
707.81478772	1534.00000000
708.30060760	1524.00000000
708.78646708	1539.00000000
709.27236617	1526.00000000
709.75830487	1533.00000000
710.24428319	1535.00000000
710.73030113	1527.00000000
711.21635869	1523.00000000
711.70245588	1521.00000000
712.18859270	1529.00000000
712.67476916	1515.00000000
713.16098526	1518.00000000
713.64724100	1508.00000000
714.13353639	1528.00000000
714.61987143	1522.00000000
715.10624612	1524.00000000
715.59266047	1523.00000000
716.07911449	1510.00000000
716.56560818	1524.00000000
717.05214153	1513.00000000
717.53871456	1522.00000000
718.02532727	1521.00000000
718.51197966	1516.00000000
718.99867174	1522.00000000
719.48540350	1520.00000000
719.97217496	1523.00000000
720.45898612	1511.00000000
720.94583698	1510.00000000
721.43272755	1513.00000000
721.91965783	1517.00000000
722.40662782	1508.00000000
722.89363752	1527.00000000
723.38068695	1521.00000000
723.86777611	1496.00000000
724.35490499	1510.00000000
724.84207361	1509.00000000
725.32928196	1508.00000000
725.81653005	1476.00000000
726.30381789	1518.00000000
726.79114548	1526.00000000
727.27851282	1515.00000000
727.76591992	1507.00000000
728.25336677	1505.00000000
728.74085339	1511.00000000
729.22837978	1512.00000000
729.71594594	1508.00000000
730.20355188	1498.00000000
730.69119759	1526.00000000
731.17888309	1523.00000000
731.66660838	1519.00000000
732.15437346	1509.00000000
732.64217833	1509.00000000
733.13002301	1521.00000000
733.61790748	1519.00000000
734.10583176	1516.00000000
734.59379586	1521.00000000
735.08179977	1520.00000000
735.56984349	1501.00000000
736.05792704	1513.00000000
736.54605042	1525.00000000
737.03421363	1514.00000000
737.52241667	1515.00000000
738.01065954	1517.00000000
738.49894226	1523.00000000
738.98726483	1515.00000000
739.47562725	1517.00000000
739.96402952	1527.00000000
740.45247164	1522.00000000
740.94095363	1517.00000000
741.42947549	1507.00000000
741.91803721	1505.00000000
742.40663881	1515.00000000
742.89528028	1499.00000000
743.38396163	1496.00000000
743.87268287	1532.00000000
744.36144400	1525.00000000
744.85024502	1511.00000000
745.33908593	1525.00000000
745.82796675	1526.00000000
746.31688747	1518.00000000
746.80584810	1517.00000000
747.29484864	1532.00000000
747.78388910	1512.00000000
748.27296948	1483.00000000
748.76208978	1519.00000000
749.25125000	1522.00000000
749.74045016	1523.00000000
750.22969026	1514.00000000
750.71897029	1506.00000000
751.20829027	1536.00000000
751.69765019	1525.00000000
752.18705007	1516.00000000
752.67648990	1497.00000000
753.16596969	1517.00000000
753.65548944	1521.00000000
754.14504915	1523.00000000
754.63464884	1524.00000000
755.12428850	1509.00000000
755.61396814	1522.00000000
756.10368776	1522.00000000
756.59344737	1523.00000000
757.08324697	1506.00000000
757.57308656	1508.00000000
758.06296615	1505.00000000
758.55288574	1523.00000000
759.04284534	1520.00000000
759.53284494	1509.00000000
760.02288456	1515.00000000
760.51296420	1511.00000000
761.00308385	1499.00000000
761.49324353	1518.00000000
761.98344324	1475.00000000
762.47368299	1500.00000000
762.96396276	1523.00000000
763.45428258	1513.00000000
763.94464245	1508.00000000
764.43504236	1524.00000000
764.92548232	1513.00000000
765.41596234	1523.00000000
765.90648242	1519.00000000
766.39704256	1525.00000000
766.88764278	1514.00000000
767.37828306	1530.00000000
767.86896342	1478.00000000
768.35968385	1522.00000000
768.85044437	1512.00000000
769.34124498	1502.00000000
769.83208568	1492.00000000
770.32296647	1513.00000000
770.81388736	1523.00000000
771.30484836	1523.00000000
771.79584946	1522.00000000
772.28689067	1493.00000000
772.77797199	1533.00000000
773.26909344	1523.00000000
773.76025500	1504.00000000
774.25145670	1514.00000000
774.74269852	1512.00000000
775.23398047	1507.00000000
775.72530257	1518.00000000
776.21666480	1516.00000000
776.70806718	1520.00000000
777.19950971	1510.00000000
777.69099239	1495.00000000
778.18251523	1515.00000000
778.67407823	1525.00000000
779.16568140	1515.00000000
779.65732473	1518.00000000
780.14900824	1510.00000000
780.64073192	1531.00000000
781.13249579	1519.00000000
781.62429984	1486.00000000
782.11614407	1511.00000000
782.60802850	1505.00000000
783.09995313	1520.00000000
783.59191795	1520.00000000
784.08392298	1517.00000000
784.57596822	1522.00000000
785.06805366	1519.00000000
785.56017933	1507.00000000
786.05234521	1518.00000000
786.54455131	1516.00000000
787.03679765	1492.00000000
787.52908421	1524.00000000
788.02141101	1516.00000000
788.51377805	1513.00000000
789.00618533	1514.00000000
789.49863285	1527.00000000
789.99112063	1508.00000000
790.48364866	1509.00000000
790.97621695	1481.00000000
791.46882550	1510.00000000
791.96147432	1530.00000000
792.45416341	1519.00000000
792.94689277	1525.00000000
793.43966241	1519.00000000
793.93247233	1517.00000000
794.42532254	1513.00000000
794.91821303	1514.00000000
795.41114382	1503.00000000
795.90411491	1512.00000000
796.39712630	1517.00000000
796.89017799	1522.00000000
797.38326999	1496.00000000
797.87640230	1495.00000000
798.36957493	1522.00000000
798.86278789	1524.00000000
799.35604116	1519.00000000
799.84933476	1523.00000000
800.34266870	1515.00000000
800.83604297	1503.00000000
801.32945758	1510.00000000
801.82291254	1520.00000000
802.31640784	1523.00000000
802.80994350	1516.00000000
803.30351951	1490.00000000
803.79713588	1507.00000000
804.29079261	1521.00000000
804.78448971	1510.00000000
805.27822718	1513.00000000
805.77200503	1519.00000000
806.26582326	1513.00000000
806.75968186	1515.00000000
807.25358086	1505.00000000
807.74752024	1513.00000000
808.24150002	1527.00000000
808.73552020	1500.00000000
809.22958078	1516.00000000
809.72368177	1531.00000000
810.21782316	1507.00000000
810.71200497	1515.00000000
811.20622720	1481.00000000
811.70048985	1521.00000000
812.19479293	1528.00000000
812.68913643	1511.00000000
813.18352037	1517.00000000
813.67794474	1509.00000000
814.17240956	1524.00000000
814.66691482	1502.00000000
815.16146053	1518.00000000
815.65604670	1492.00000000
816.15067332	1510.00000000
816.64534040	1520.00000000
817.14004794	1508.00000000
817.63479595	1514.00000000
818.12958444	1524.00000000
818.62441340	1502.00000000
819.11928284	1521.00000000
819.61419277	1495.00000000
820.10914318	1511.00000000
820.60413408	1504.00000000
821.09916548	1506.00000000
821.59423738	1496.00000000
822.08934979	1510.00000000
822.58450270	1520.00000000

